1000
-105315645 573429661
-978161886 761311798
772117478 724103795
-358675807 836395613
-208841933 -584115414
-419653627 215493282
-63206616 -652778043
-198851492 -733138902
877275096 -70276443
-439313490 207054354
346933383 -625600060
313764614 188033244
-598830638 -237855088
585161917 573825650
-803947415 140405623
579239073 -114980337
256390092 82192973
-642287425 -681858526
-558232160 543970182
-832835515 -592039574
797594736 -266504573
-308426898 -949488575
-14651739 -270891136
-942297044 96740882
483290483 598866085
-107766762 -992581272
-985669186 425714430
869957839 -648227096
655354143 245775107
-615871510 -384584921
-786326176 401319642
-109798291 -772596295
901675077 463323084
241430298 -609901590
581798262 -194688524
-500449989 124417232
279896646 523395764
960940756 771317416
-291560652 733286740
-913561614 -501122125
-742726548 875161174
72077289 -535326569
583108162 722065499
623602896 192036600
438190936 -600936632
-446521525 264027381
-68689524 112910603
967156611 -721108337
-910795212 -647515715
-352905878 856609176
787146389 -979906970
-677292350 -507983643
-248966280 157790631
-265631725 -662886229
-171043292 -304729128
-972421694 -894087770
-869239834 528315350
-44125470 -831287777
-166560655 716006081
976908672 -614559260
693997113 -974854741
658729021 529727010
-210257938 -537537799
457510407 100635585
634790754 -739070211
32459140 335410721
-867875960 -970326617
344547985 56112662
-300433949 657831350
310156299 -96277766
981277365 180707512
-567078849 -217699438
651106470 423451978
500150165 -743629894
195209943 -678608708
-828101928 62774722
-645768909 916639765
-279399635 -504698932
-563519159 -648794013
-650485294 -380889757
-677567058 153457558
-805447110 115861148
494047943 -992844992
-685304376 -993160350
412366309 65294669
902539709 -603028007
793714033 304598110
714686299 826673996
-794113718 -432465852
84838242 610662867
-127825009 -858015952
697485500 613739223
-10299382 -105104454
-609292019 -477586418
973397125 886507198
-604173477 -941425856
-199174127 -290329997
-622127487 -152226841
-618065060 -617782557
227595176 460149024
768402574 112968321
918411437 -465404183
-112550851 102100577
485808082 -103355863
-302145054 -741989470
-854602513 382419816
-11077236 596793385
-581102213 348928605
334258504 226717586
-566445811 608786354
-710034405 140232797
919766899 -499120317
-290711798 219478679
-372279272 -730789554
155902300 95922425
489026489 656532898
440955336 914447349
714537948 -872863500
-441791347 669045112
-83290815 -905424781
-218401234 716332566
109576961 150840493
232754950 -769002940
351386224 629569257
-854069907 -664620242
-202816820 890519904
521629412 363238397
-924135221 -409592261
602534238 -46327210
472962078 -208254316
-137159646 -340176263
-35412058 310767475
-432332636 -330310047
583170189 57652503
31662815 -891843448
-430638761 -43171041
-936965609 -528337024
-258964659 -707791787
977815317 -995629771
452010139 343471071
727826978 -821450952
-934276279 -761498648
293765298 872913114
-596378814 853165865
-147568671 53400806
-609511473 -414546111
-250249493 -552134957
935695412 -355435717
557768051 -322886880
817397522 -166178752
-837899954 324679002
-353943761 -208855123
683972142 857525768
-913131584 -99650504
-592574059 -655272603
-824213857 -693243539
755688643 -341769934
-501255200 -285247854
-88840331 -568559186
-970244219 -678087602
-755902888 103798569
-932298081 699326460
-267650552 -157891376
-314204341 860759263
-912356586 -481688006
-786076172 40750980
-681066706 242083954
-557064730 -443470113
223741020 143227982
-229282224 -659868687
591805369 -389878499
-918367944 838846271
871426983 -802916314
-798167200 133022548
-554766944 179987134
82762360 411532468
-119239103 125258163
-967328470 670339593
116671339 -674437477
263666239 141644040
-301298516 262895196
637495119 678681706
932734277 -648432892
-17580837 -109682599
-55935862 -947237852
-201670035 422828218
-941260867 864079172
-165844354 -240805366
447732308 752917496
161593070 413105497
276203718 -963409993
-314442665 9832674
-60168191 -901776197
-314925697 -327360743
-163602543 719359332
-359043212 -730576378
-184562314 214121809
336872518 -878197251
224621996 -764151452
44049751 -745099715
-792966734 320239851
-626092831 -928574312
-890016977 -336747753
793150581 -535090140
127588618 -792863054
-11199492 72153489
7378225 -873532129
-90849941 -527438932
939230603 -523004273
-292356530 600189036
684860071 -651827731
-177082791 263016136
166676458 -480971810
473245195 12688019
983960696 -612552261
932914695 -552316717
189048789 233461778
998997219 183599958
374088832 -540698424
-657710858 444745743
572706645 -21926157
823828850 630006925
-968965605 397170148
-581414400 -842777056
684271807 932104441
649374340 -850215235
203837802 734822830
-737341331 -797141011
-430373056 217297388
-493805222 -541317839
-403808247 -516118807
68738927 -205168739
576662839 479686806
-40647519 424138787
-133390851 207299150
-464990353 397317465
-32340387 857586825
797645135 962704497
83264693 -767112001
112679832 -935299972
101395258 961920514
160073484 954779964
462192811 -209769945
-487109638 -141656939
59173008 470832782
-823008206 -94816012
-222720 -761569508
-296147628 -464801297
-46056622 -347766689
-88106966 215897190
-732409183 -632327116
-531925114 564727990
324694953 977110660
-173552622 -436881081
224741644 891526904
366328546 669345360
713652168 -622034806
351010832 -987975813
109218824 572326359
547267138 -406688301
-948986491 731604399
29322324 929798992
-286392396 489962138
355476294 -567026331
697309836 343474812
-351000722 -939604322
561485344 -145946919
-211820835 -537497604
205248473 -462211497
-505120178 -801828409
975751490 704810242
-561852499 -460398385
971994264 201968658
-987438171 -964462320
-675010451 210026491
249910944 694900571
994515338 685759061
-713724217 -294789274
-542178432 -724254491
798736253 308840805
337852582 -341780180
95650001 -386213855
-937733348 -548782831
-79299845 -155347885
979003276 465025255
247784285 -137692060
698600439 388234992
375287306 562990755
418425915 740200571
-54766518 225764479
207894637 -398747008
78194757 -393400949
153592843 -842943494
413741333 24982215
824589674 507419622
36262376 968885425
393561461 -659274446
931307916 -93765969
-897983179 510784311
-788842220 573495164
932653621 782452019
-743946143 -428001775
424816574 -324151759
906793631 -113684021
571856262 -157398007
23934652 -800931728
-162995504 478296724
379518523 -739786494
588000362 -74649070
-506345821 332894922
-984333640 612984181
-14630836 -666017949
346345512 -969242230
-235596880 -656134352
807245793 457991786
-420476124 961340182
-689809311 -168360487
-655543737 -329989627
-307426944 347037948
290268440 -320992772
-76781538 -915796075
-239402765 -473257403
483273406 289653817
853244235 -16880779
-942579588 -255040153
441611610 -157835130
69060439 -705539461
303630460 647986843
643004130 -196771223
854967788 481708430
791273067 219324167
774065002 932975186
-358601995 710353917
175699749 -715911851
71372518 -30574519
485900752 -976062956
1312504 621544781
-210589662 -504451321
-120703309 13176248
-515897886 324369053
91377786 -269733740
55677504 -365456223
776680094 278121547
-509095177 892144190
-107875462 -313578129
963887511 -790654299
-678004196 -601182895
146393748 -900606089
633430241 519061717
473301476 620623323
-735978036 676920759
-168949884 -731223693
-204338253 -862234638
-569627094 415362267
-538135668 -997537844
-794599257 -276166491
-439863464 261995688
-465273650 401081513
155917282 321985287
-405383742 317401351
230619747 -333125813
-255445428 -323559512
-158825762 -953992374
247719121 -740022827
264239744 -59027780
-54558053 378075182
-322413658 -493879878
-452146872 -786467755
-632334382 470905335
-377349167 443579365
-869362861 74567272
-723676989 -697311410
133493541 -577136703
505831325 -424259332
-546900206 831364169
-451941830 988892995
-230235555 -898720143
-829053777 505979358
959980224 -696461783
702666093 591570282
-499038210 528382832
-904154877 736591835
769036183 -700704324
-957760944 -923153907
-690863207 -188258041
-88662960 244588628
-96239691 -947061105
-628097840 -668406089
444827035 95275969
109565010 -690145838
56420783 760754860
-775053452 -234549669
605843100 -839218388
592429366 -665087963
-951836523 -845685271
732973978 826823640
-239086330 -716222808
-225074518 -265415777
-545031513 -367484565
-579473645 162876183
-288018432 -128619888
-848098779 -287979116
-651030657 -460352694
14729869 998936952
185830762 -635825409
197289122 536884246
-716524680 -173970283
-947151922 -45783027
-684915106 898291711
931610603 -449864349
-707208392 654290908
468153416 -668232278
192922657 577088271
288646009 -456990379
485183392 -450965087
-377631996 508712226
-995094162 111407294
212509867 -208569678
527846901 -138653177
187748975 -565432206
-191005689 -783459288
933112805 978591458
-765954054 375076292
158040017 -635249980
-3731913 724672345
77632716 -603304886
-838922864 422197421
794774612 259811251
-765780604 711064275
-768507509 -114690529
-673407899 628467492
544228358 -902417843
-35380839 366754437
-740008432 -132044022
-445729521 -386660417
-715784017 125256995
119187913 -516460493
730559041 976035015
593817219 -621356293
368107751 -789754610
-83343485 -683693705
-402002559 -476180266
726317334 -742879507
441416569 -325633238
425081318 -149366834
198759267 697914750
589214717 264604751
687903047 -434489430
-541519090 -197828212
-161388869 -334841347
-988748278 -373642803
929343984 915899454
528058767 523553663
317753203 -69541085
-31687474 -101349259
42360828 -774211622
18864617 19096111
-527283358 262328646
-901136433 -247801343
-624962328 89273814
-592689780 -530130881
960632454 612728242
-834593292 939757087
706134533 251529709
744401477 851873804
727873382 191109332
-551921815 -618966544
-716491816 -623409853
378532699 -989995537
777855490 890913846
-781000314 -722994651
-969116237 957398216
626090732 954254404
-873949227 -438563315
-737939623 780370089
144861717 -358795448
807150568 749069831
-972141909 34083790
306508348 255527471
-517341384 -273170020
365504324 -799981799
-946174863 -971973721
389906896 -115359990
-785704154 -336148368
-47333543 -849736031
-842238404 -176228801
-665010198 -31088218
-295686109 8373877
588688935 415436398
-691329258 360675670
781498470 124288781
-194088370 831265059
-466299891 -117773501
836982351 -690440520
-71062382 471630746
798248758 -232976828
511171244 -516301505
-162075549 -970260769
-8471846 -261576959
-745527214 499134957
26468540 945149286
767058784 922984598
-209818050 -742747342
306564642 -413111849
-836964694 129615476
-565180495 -943484877
-776589884 -135614289
408141155 -305433434
197878768 61849862
393219977 -608582763
-484753949 610077956
-424135486 -81794114
-947207400 -683683900
-738725022 -633144769
-180848477 -498487189
931087586 -766019730
-595686778 562132247
-124250914 411189158
-972463540 -596448598
264396461 -40405215
-96321439 78914036
-288754842 210159349
-162831855 -97668719
-414318950 975024342
-123650089 -884198704
-603200636 408925985
530201363 538539065
947348511 -791618636
-213109555 -48566636
-975030018 -339546285
651223744 -895110641
-8837620 421417405
170899906 757739270
408308962 -776776365
742907093 634368118
112274557 -40102878
-67084717 731302428
-717700544 936058390
-910109404 -816389027
-644785341 742575467
-667857722 -57719591
217305311 -58629092
-941085596 -316620024
842796998 -115272042
-298338279 792019197
-262354732 -112498673
205647115 174283777
49157532 -432957216
363808529 -306056034
-89501691 -828744189
-614577653 681337930
-466121260 50066282
34954045 570655526
637518074 228717536
150497324 -808884707
-273121004 -422660881
167871157 -312445612
729469704 681809607
36409670 -255929482
183842613 710869050
-334602016 483387291
838051952 141586057
-241756274 486870636
-609146983 -272597870
-839752166 -780466113
-16137577 843100597
-68730436 -13137588
696258828 -31687359
571911814 529018405
233466108 -561877631
-82860099 -520583050
473450317 642821358
-479498149 755866745
-241522024 -13600711
-313580992 -64254798
757846184 -126266050
127855346 -791308905
690343457 -947375897
526811396 -242598853
568221278 465925133
967075123 -59941640
819576382 632199355
-951707853 720522645
430836862 -478583634
430403037 -919038343
-692564517 -198486015
256360793 830191028
347767085 -999579322
-580785458 740703404
-944382234 -375486836
456447754 -148914320
76380487 388719995
-612964970 -568836216
481748018 869189678
-288309608 -317966509
789495965 -267034242
-93165875 746875976
-474208945 705356574
-584794921 999620618
2680433 899956519
788225294 -994921280
-499268656 -508780676
911318387 251681017
806602360 -502262114
703554135 827681293
-47861662 581271407
-620912199 623576941
-911926193 519719559
799177576 1797968
-702167486 -708276910
1352174 109393983
429499443 -242773595
319035472 -512022985
-308173142 -936439616
-788453882 -659506856
-711908586 869966107
-736689351 664100468
526183041 -741752960
-294713900 278632802
-66688659 242562849
908136165 -286754709
666935506 403389485
91357218 -250405342
-547305370 -171889535
-815382435 -84113019
-575549869 -45297206
-554949976 -748985388
-657151975 378203162
-622150709 194503968
-201018137 -760240603
723456634 -733026509
383249200 -409606917
-693771832 -268482380
996165632 676422060
-522405215 87032922
838335210 216669594
641568698 26651523
614181098 -936855230
-430118326 -402714507
46105583 -285757046
740432759 -999223798
895888004 -295476428
859971645 609562703
717306016 86507162
413526904 204844023
-943928666 608638866
-214614276 307178178
522700450 649791919
-478273473 -952409148
-864773913 526267448
275554838 -630374083
649994641 -530186776
-222747908 563822544
-372126387 -36427085
-5985346 -931191536
-921188107 460092203
689932369 916429274
911570158 112408726
-848696950 208304246
213832554 -801995953
683285252 -311103991
-530298260 271518151
-85762253 724236366
-303022276 110950440
786179405 -965999548
263149845 -768120659
191742489 857881655
-568483574 332375179
492718730 -351715717
-705837405 -713054426
-97095594 257554313
903770071 863840824
516853475 -584150721
613491887 942366174
844906955 6611736
-291754307 -646849220
-100111632 924974172
-205644346 651538944
-716902716 -230214665
973668034 -516997613
-40120426 985739466
623315065 530699410
905713503 987493967
-79639840 566409479
905496861 62809183
567702892 602624766
760687276 -351695526
981821533 -463845958
-77140918 -819344875
975351828 -469918438
-111562647 837891237
-605461008 164309766
250599763 376244660
99905963 -979029679
302000059 -271117205
561186967 -409474721
41079930 -974235409
464099552 -327759926
-80941965 -447675231
38629844 -766415359
938082368 -451093276
-275488479 847632403
616355730 -537165511
172195093 502973121
-984239300 727147543
-980500463 395763641
527046417 -196784786
-711347088 -657763288
-603112005 414157998
-338703875 -135445359
971230759 91495975
881731906 496171067
-802950702 -27077496
696775082 273712416
-818368414 -229703911
-182880196 955508678
888982915 532097939
-764322666 214521542
217780167 618603641
-96828609 -837658360
449776952 -767032573
843965774 515352487
197566766 -639708049
-922967103 924995111
446845390 -648940735
-325853371 -877682798
-574827293 -466017951
90730757 772574320
492445801 505991440
834659863 301876515
569979635 -546276744
405180524 353208540
290588042 -763140915
404679533 504914955
-140769635 -678105125
423350700 -206449222
795855945 494160884
839235184 -185794082
543193451 -390916990
450872793 693030984
-844654550 -946743505
-295702257 -317908701
-21583594 -784638617
-340602239 -996362291
-574242835 -405502520
-195395558 609128355
789880826 -935984302
-426161766 -222366524
345159699 -986410628
-47586502 -93854477
548981743 102874783
620994849 40174307
-974373988 99330794
-752708993 -847969721
129265521 213663577
633048950 -796601321
912442832 -148796057
620443053 -393920247
799942221 -779930861
376992139 -195349127
581310273 -64745415
-800478402 242031524
-258535359 -105319482
-852042254 -293551563
156112320 490566124
617558228 -992317447
313970116 120625139
-276964771 -958075193
855885047 794940085
-577671672 -120739990
145933916 415058850
-803787586 -322112504
175316339 -427653283
702601214 964051473
-286147762 695894554
457890522 919183154
-356121192 -983291422
42565895 730416567
-608264845 -894748926
-171476619 869507567
-380665240 927090399
541135426 -609662160
302083633 817271057
574581968 609579872
-813675099 735711583
854203402 -812286012
579959428 -487308060
120216492 -420023950
813203355 476574703
-154752372 -976610350
-171301332 742765200
78004924 885133614
617705880 821071700
803516552 -168445329
814852217 908920294
-391706547 -841575761
-887449854 980426092
-797443042 -753141194
370302267 601340048
819964071 -819070249
-498961813 624544713
-675638322 -996151478
475117134 619365956
-468894687 -574097455
385010596 -602542634
632707705 -242766104
405649704 -314252290
-841095095 -490237991
-955467879 664521538
-178202067 -232663483
947784595 -831476119
-2529767 -577722066
-435667166 174320522
10721002 397577972
761916402 617512406
-555281347 -92778546
-734990688 -567426317
972390471 761816419
-89284999 740110011
-46954705 257950305
-332323062 -3526310
-475019570 -129694026
851017771 -213408971
723342413 108449987
-454418100 628725396
556878243 287522139
973625927 -155632595
-102918362 193080394
353881210 -804992964
-977602335 799012995
-287508851 827089104
-752941174 -458293995
733935216 -405506933
103872983 -415954629
397104076 -706659312
84941882 741832928
420045683 499752290
-77813451 692253458
-25098349 378926619
941328636 -438644483
-812858348 -168007694
-444947007 -448414302
692890812 -125072314
-957821731 95929055
145552878 138584576
-309751016 -171306560
-380428124 -658134153
-281112204 270527899
-637214595 -485310591
-658448674 834249538
824433565 -216794808
620239924 -748097008
-227427900 -591869854
-465742139 -117573051
255336308 -693765818
-240814042 692472475
-875061409 -48452776
958394282 362727904
289220377 -228524441
825704046 523218788
-838483421 112213273
473360516 -941619017
67399834 447282290
498404369 871702222
40926812 -817770257
-656306871 825932244
-348516354 295075359
-586847449 424228206
803779578 567804424
579301018 150709709
-361445715 -525862918
-350281055 733384606
-728737055 156914190
-54540291 878589737
-665467486 625447726
-819539289 -230262901
-840253267 857563485
987553386 -954359488
960325257 -615250090
741249609 211937815
-724849553 865854918
-888125644 -808317278
589870503 590814231
105003864 -603046231
-263556441 608337801
886430610 519542903
285324348 -306303422
752097195 -823378460
968486039 -962651458
-830579063 507535805
749787143 -365144873
-178959396 -716078632
-53653304 -340684250
851656456 -7746691
-83663410 819076715
-452233400 18271463
-662002371 -723472350
779136761 -814528294
448411034 -138078642
172473271 -172432478
929239794 -264478024
-129715617 534650845
-168628190 909631168
-882402157 -997329374
494121813 -460557310
335135124 -397689953
-459788825 -983163484
-602934356 -113361599
664101671 -60712858
712507319 -108078403
-658870192 -906972438
749356841 -907719280
709993285 374773241
-328848305 157029305
-88122435 56817589
799472830 12718294
-561515546 -509158215
98437931 709610977
-427216295 310155756
-171495279 168662278
346577477 433112930
-391983870 -794990425
858716696 358623430
-122530537 422003096
889809921 -854509677
-272065658 827025499
651491990 703209009
223277958 688854244
-760386777 74012227
724825579 965694398
676185363 -667116660
597123227 -155301138
541809842 -865232809
-447628145 393251779
-721523637 -259372633
-695538638 -898843671
200736441 -752029457
928145857 -332459950
-433589413 -549010382
-92732944 541307215
424070675 705774581
963298466 261233088
401351465 971236695
-884359855 988444591
763455028 -385884564
-255135809 210144573
-631019394 548091790
-539082742 -346145541
184080665 8658270
-689090307 -288126875
98945892 642730284
191692489 518467567
615112718 -198447638
-589704522 577332103
184601278 90510726
-893382387 -78913490
-904054501 -951419311
161840429 -907084929
-625112835 348192126
-409979498 684396245
-136184475 597129602
-456497736 -439267412
915760220 -337169160
-814663917 72013864
-152062855 -550758640
-504803528 -629252849
-455543490 -907892045
115545598 966317915
681593189 526350185
783597516 582425774
-678831651 -304772434
-52055986 359119347
442000125 -84921343
141022634 -896168599
572660191 -892632046
-582927713 -856312085
938267304 271208481
735020778 314009647
122577158 258485554
-389654567 -48902783
90535124 -972996107
588273991 -648389363
967962869 33372640
-897546134 -824101601
230958467 277781356
-834369323 -591924864
694608419 470240934
-898044534 -130250669
-753681763 412191544
545401853 -437422493
-265075104 -732454342
-304822669 426617564
-875050114 772777637
670887979 -546903061
703120761 -921291646
-737838731 865350158
102929448 617606570
820810825 646863865
-171028335 698000869
468148002 -103955963
